0,417
225,1
225,3
225,0
226,1
226,3
226,0
224,1
224,3
0,469
224,0
223,1
223,3
223,0
222,1
222,3
222,0
221,1
221,3
221,0
0,431
0,402
220,3
220,0
0,486
110,1
110,3
110,0
109,1
109,3
109,0
108,1
108,3
108,0
107,1
107,3
107,0
106,1
106,3
106,0
116,1
116,3
116,0
115,1
115,3
115,0
114,1
114,3
114,0
113,1
113,3
113,0
112,1
112,3
112,0
117,1
117,3
117,0
105,1
105,3
105,0
111,1
111,3
111,0
91,1
91,3
91,0
97,1
97,3
97,0
96,1
96,3
96,0
95,1
95,3
95,0
94,1
94,3
94,0
93,1
93,3
93,0
103,1
103,3
103,0
102,1
102,3
102,0
101,1
101,3
101,0
100,1
100,3
100,0
99,1
99,3
99,0
104,1
104,3
104,0
92,3
92,0
98,1
98,3
98,0
88,1
88,3
88,0
87,1
87,3
87,0
86,1
86,3
86,0
79,1
79,3
79,0
78,1
78,3
78,0
77,1
77,3
77,0
76,1
76,3
76,0
75,1
75,3
75,0
85,1
85,3
85,0
84,1
84,3
84,0
83,1
83,3
83,0
82,1
82,3
82,0
81,1
81,3
81,0
74,1
74,3
74,0
80,1
80,3
80,0
64,1
64,3
64,0
63,1
63,3
63,0
62,1
62,3
62,0
61,1
61,3
61,0
60,1
60,3
0,370
60,0
70,1
70,3
70,0
69,1
69,3
69,0
68,1
68,3
68,0
378,1
378,3
378,0
0,466
383,1
383,3
0,376
0,500
383,0
155,1
155,3
155,0
141,1
141,3
0,389
141,0
212,1
212,3
0,371
212,0
0,457
204,1
204,3
0,366
0,461
204,0
0,412
0,443
0,432
67,1
67,3
67,0
66,1
66,3
66,0
0,465
0,358
0,305
0,390
0,458
65,1
65,3
0,414
0,387
65,0
0,485
0,9
0,392
0,509
0,497
0,481
0,477
0,454
0,429
0,427
0,393
0,493
0,345
0,452
0,494
0,482
0,473
0,472
0,308
0,501
0,304
0,498
0,303
0,302
0,307
0,404
0,12
0,336
0,10
0,451
0,8
0,0
0,574
0,300
0,381
0,299
0,341
0,298
0,320
0,297
0,520
0,296
0,377
0,295
0,562
0,294
0,436
0,293
0,375
0,292
0,573
0,291
0,514
0,290
0,383
0,289
0,335
0,288
0,287
0,406
0,286
0,285
0,373
0,284
0,522
0,283
0,534
0,282
0,463
0,281
0,533
0,280
0,321
0,279
0,548
0,278
0,346
0,277
0,572
0,276
0,410
0,275
0,274
0,379
227,0
227,3
215,0
215,3
216,0
216,3
217,0
217,1
218,0
218,1
219,0
219,1
235,3
235,1
0,361
229,3
236,0
236,3
237,0
237,1
238,0
238,1
239,0
239,3
240,0
240,3
230,0
230,3
231,0
231,3
232,0
232,1
233,0
233,1
234,0
234,1
241,3
241,1
0,385
0,380
468,1
463,0
463,1
242,3
242,1
0,479
252,3
246,0
246,1
253,0
253,1
254,0
254,1
255,3
255,1
256,3
256,1
257,3
257,1
247,3
248,0
248,3
249,0
249,3
250,0
250,1
251,0
251,1
258,0
258,1
268,0
268,1
262,3
262,1
269,3
269,1
270,3
271,0
271,3
272,0
272,3
273,0
273,3
263,0
263,1
264,0
264,1
265,0
265,1
266,3
266,1
267,3
267,1
0,480
283,1
277,0
277,1
284,0
284,1
285,0
285,1
286,3
286,1
287,3
287,1
288,3
278,0
278,3
279,0
279,3
280,0
280,3
281,0
281,1
282,0
282,1
0,437
0,434
562,0
562,3
563,0
563,3
556,3
557,0
573,0
573,1
567,0
574,0
574,3
575,3
576,3
577,0
578,0
578,3
568,3
568,1
569,3
570,0
570,3
571,0
571,3
572,0
572,1
705,0
705,1
699,0
699,1
706,3
706,1
707,3
707,1
708,3
708,1
709,3
710,0
710,3
700,0
700,3
701,0
701,1
702,0
702,1
703,0
703,1
704,0
704,1
717,3
717,1
711,3
711,1
718,3
719,0
719,3
720,0
720,3
721,0
721,3
722,0
722,1
712,0
712,1
0,532
0,543
0,547
0,551
0,552
0,555
0,560
0,567
1,1
1,2
1,4
1,6
2,0
2,2
2,3
2,6
2,7
2,9
2,12
2,13
2,17
2,18
2,20
2,22
2,23
2,28
2,30
2,32
2,34
2,64
2,66
2,67
2,69
2,70
2,72
2,74
2,75
2,77
2,78
2,80
2,81
2,83
2,85
2,86
2,88
2,89
2,91
2,93
2,94
2,96
2,97
2,99
2,100
2,102
2,104
2,105
2,107
2,108
2,110
2,112
2,113
2,115
2,116
2,118
2,120
2,121
2,123
2,124
3,0
3,1
3,3
3,5
3,6
4,1
4,2
15,0
15,3
16,0
16,3
17,0
17,3
18,0
18,3
19,1
19,3
20,1
20,3
21,1
22,0
22,1
22,5
23,0
23,3
23,5
24,0
24,3
25,0
25,3
26,0
27,0
28,0
28,1
29,0
29,1
30,0
30,3
31,0
31,3
32,0
32,3
32,4
33,1
34,0
34,1
35,0
35,1
35,4
36,1
36,3
37,1
37,3
38,1
38,3
39,1
40,0
40,1
41,0
41,1
42,0
42,3
42,4
42,6
43,0
43,3
44,0
44,3
45,1
45,3
46,1
46,3
46,6
46,9
47,0
47,3
47,4
47,6
47,7
47,9
47,11
47,12
47,14
47,15
47,17
47,19
47,20
48,1
48,3
48,5
48,18
48,20
48,25
48,28
48,39
48,45
48,48
49,0
49,1
49,4
50,0
50,3
51,1
51,3
52,1
52,3
53,1
53,3
54,1
55,0
55,1
55,5
56,0
56,3
57,1
57,3
58,1
58,3
59,1
59,3
71,0
71,3
72,0
72,3
73,0
73,3
86,2
86,4
86,6
88,4
89,1
89,3
89,4
90,0
90,1
90,4
92,1
104,4
117,4
118,0
118,3
118,5
118,7
118,9
118,10
118,16
118,19
118,22
119,0
119,3
119,5
119,6
120,1
120,3
120,5
120,7
120,11
120,16
120,17
120,21
120,22
120,30
121,0
121,1
121,4
121,5
121,7
121,15
121,16
121,18
121,21
121,26
121,30
121,37
121,44
121,46
121,52
121,55
121,61
121,63
121,65
121,67
121,71
121,75
121,82
122,0
122,3
122,4
122,6
122,7
122,9
122,42
122,43
122,45
123,0
123,3
123,5
123,6
123,8
123,11
123,19
123,20
123,24
123,32
123,37
123,47
123,50
123,58
123,67
123,76
123,80
123,81
123,83
123,84
123,86
123,88
123,89
123,95
123,98
123,103
124,1
124,3
125,1
125,3
125,5
126,1
126,3
126,5
126,6
127,0
127,1
127,4
127,6
127,7
128,1
128,3
128,5
128,7
129,0
129,3
129,4
129,6
129,7
130,1
130,4
130,5
130,7
131,0
131,3
131,6
131,11
132,1
132,3
133,1
133,3
134,1
134,5
135,0
135,3
136,0
136,3
136,5
136,10
136,14
137,0
137,3
138,0
138,1
139,0
139,1
139,4
139,10
140,0
140,3
141,4
142,0
142,1
142,4
142,12
142,13
143,0
143,1
143,4
143,5
143,14
143,21
143,27
144,1
144,3
145,0
145,3
145,5
146,1
146,3
147,0
147,1
148,0
148,3
149,0
149,3
150,0
150,3
151,0
151,3
152,1
152,3
153,1
153,3
154,1
154,3
154,5
154,7
154,8
154,10
154,12
154,13
154,17
154,18
154,20
154,23
154,24
154,27
154,28
154,30
154,31
154,35
154,37
154,39
154,42
154,44
154,51
154,53
154,54
154,56
154,60
154,64
154,65
154,67
154,69
154,70
154,72
154,73
154,75
154,77
154,78
154,80
154,81
154,83
154,84
154,86
154,88
154,89
154,91
154,92
154,94
154,96
154,97
154,99
154,100
154,102
154,104
154,105
154,149
154,167
154,169
154,170
154,172
154,174
154,175
154,177
154,178
154,180
154,182
154,183
154,185
154,186
154,188
154,189
156,1
157,0
157,1
158,0
158,1
159,0
159,3
160,0
160,3
161,0
161,3
162,0
162,3
163,1
163,3
164,1
164,3
165,1
166,0
166,1
167,0
167,1
168,0
168,1
169,0
169,3
170,0
170,3
171,0
171,2
171,6
171,7
172,1
172,2
172,6
173,0
173,1
174,0
174,1
174,4
174,8
178,1
179,0
179,1
180,0
180,1
181,0
181,3
182,0
182,3
183,0
183,3
184,0
184,3
185,1
185,3
186,1
186,3
187,1
189,0
189,1
189,3
189,4
190,0
190,1
191,0
191,3
191,4
192,1
192,3
193,0
193,3
194,0
194,3
194,4
194,14
195,1
195,3
195,5
195,6
195,10
195,11
195,14
195,16
195,18
195,20
195,21
196,1
197,0
197,1
198,0
198,1
199,0
199,1
203,0
203,3
205,0
205,3
206,0
206,3
207,1
207,3
208,1
208,3
209,1
209,3
210,1
210,5
213,0
213,3
214,0
214,3
220,4
220,6
220,8
220,11
220,18
220,19
227,4
228,1
228,3
228,6
228,7
229,2
229,9
229,10
229,17
229,18
229,20
243,0
243,1
244,0
244,1
245,0
245,1
259,0
259,3
260,0
260,3
261,0
261,2
261,6
261,13
262,2
262,7
262,16
262,17
274,0
274,3
275,0
275,3
276,0
276,3
277,13
277,15
277,18
277,19
289,1
289,3
290,1
291,0
291,1
292,0
292,1
293,0
293,3
294,0
294,3
295,0
295,3
296,1
296,3
297,1
297,3
298,1
298,3
299,1
300,0
300,1
301,0
301,1
302,0
302,3
302,5
303,0
303,1
304,0
304,1
305,0
305,3
306,0
306,3
307,0
307,3
308,1
308,3
309,1
309,3
310,1
310,3
311,1
312,0
312,1
313,0
313,1
314,0
314,3
315,0
315,3
316,0
316,3
317,1
317,3
318,1
318,3
319,1
319,3
320,0
320,3
321,0
321,3
322,0
322,3
322,11
323,0
323,3
324,0
324,2
324,3
325,1
326,0
326,1
327,0
327,1
328,0
328,3
329,0
329,3
330,0
330,3
330,5
331,1
332,0
332,1
333,0
333,1
334,0
334,3
335,0
335,3
336,0
336,3
337,0
337,3
338,1
338,3
339,1
339,3
340,1
341,0
341,1
342,0
342,1
343,0
343,3
344,0
344,3
345,0
345,3
346,0
346,3
347,1
347,3
348,1
348,3
349,0
349,3
349,4
349,11
350,0
350,3
351,0
351,3
351,6
352,0
352,3
352,4
353,1
354,0
354,1
355,0
355,1
355,4
356,0
356,3
357,1
357,3
358,1
358,3
359,1
359,4
360,0
360,3
361,0
361,3
362,1
362,3
363,1
363,3
364,1
364,3
365,1
366,0
366,1
367,0
367,1
368,0
368,3
369,0
369,3
370,0
370,3
371,0
371,3
372,1
372,3
373,1
373,3
374,1
375,0
375,1
376,0
376,1
377,0
377,1
379,0
379,3
380,0
380,3
381,0
381,3
382,1
382,3
384,1
384,3
385,1
385,3
386,1
387,0
387,1
388,0
388,1
389,0
389,3
390,0
390,3
391,0
391,3
392,1
392,3
393,1
393,3
394,1
394,3
395,1
395,4
396,0
396,3
397,0
397,2
397,4
397,5
397,7
397,8
398,1
398,3
399,1
399,3
399,4
399,6
399,7
400,0
400,3
401,0
401,3
402,0
402,3
403,0
403,3
404,1
404,3
405,1
405,3
405,6
406,1
406,3
407,0
407,1
407,4
408,1
408,3
408,6
409,0
409,3
409,4
410,1
410,5
411,0
411,3
411,4
412,3
413,1
413,3
414,1
414,3
415,0
415,1
415,4
416,1
416,3
417,1
417,3
418,1
419,0
419,1
420,0
420,1
421,0
421,1
422,0
422,3
423,0
423,3
424,0
424,3
425,1
425,3
426,1
426,3
427,1
427,3
428,1
429,0
429,1
430,0
430,1
431,0
431,3
435,0
435,3
436,0
436,3
437,1
437,3
438,1
438,3
439,1
439,3
440,1
441,0
441,1
442,0
442,1
443,0
443,3
444,0
444,3
445,0
446,0
446,1
447,0
447,3
448,0
448,3
449,0
449,3
450,1
450,3
451,1
451,3
452,1
452,3
454,1
454,4
455,0
455,3
455,4
456,1
457,0
457,1
459,0
459,1
460,0
460,3
462,0
462,3
465,0
465,3
466,0
466,3
467,1
467,3
469,1
469,3
473,1
474,0
474,1
475,0
475,1
476,0
476,1
477,0
477,3
478,0
478,3
479,0
479,3
480,1
480,3
481,1
481,3
482,1
482,3
483,1
484,0
484,1
485,0
485,1
486,0
486,3
487,0
487,3
488,0
488,3
489,1
489,3
490,1
490,3
491,1
491,3
492,1
493,0
493,1
506,0
506,3
507,3
557,4
557,5
557,7
557,9
561,1
561,4
561,6
561,10
561,11
561,13
561,14
561,19
561,22
561,23
561,26
561,29
561,34
561,35
561,38
561,42
561,44
561,49
561,51
561,58
561,61
561,63
561,66
561,69
564,0
564,1
564,4
565,0
565,1
566,0
566,1
566,3
566,5
566,6
566,8
566,9
566,13
566,16
566,18
566,22
566,24
566,28
566,31
566,34
566,38
566,41
566,44
566,46
566,49
566,53
566,56
566,63
566,66
566,69
566,72
566,76
566,79
566,86
566,90
566,94
566,106
566,108
566,109
566,111
566,112
566,114
566,115
566,117
566,119
566,120
566,122
566,123
566,125
566,127
566,128
566,130
566,131
566,133
566,135
566,136
566,138
566,139
566,141
566,142
566,144
566,146
566,147
566,149
566,150
566,152
566,154
566,155
566,157
566,158
566,160
566,161
566,163
566,165
566,166
566,168
566,169
566,171
566,173
566,174
566,192
566,193
566,195
566,196
566,198
566,200
92,6
150,5
121,14
121,28
121,69
121,64
121,77
123,12
123,17
123,14
123,46
123,136
123,102
120,12
120,34
220,9
220,16
320,4
321,5
322,12
134,4
134,9
134,10
151,1
151,5
151,7
195,17
195,9
120,33
120,14
121,11
121,13
121,22
121,42
121,48
564,26
564,12
564,14
564,5
564,6
564,22
174,14
174,11
142,20
143,29
134,7
120,25
143,23
143,28
134,6
120,13
142,10
143,13
322,6
123,13
142,6
310,4
311,5
314,4
561,48
561,50
121,51
121,58
121,54
121,56
123,79
123,148
123,130
123,131
123,132
120,32
131,12
131,14
322,8
142,17
143,25
142,15
71,4
123,16
123,15
123,27
123,35
123,34
194,15
194,17
118,11
118,14
136,20
194,13
194,16
194,25
121,43
121,47
121,78
121,84
123,65
123,75
123,73
123,143
123,193
220,10
131,31
131,32
120,29
142,21
120,19
142,14
120,20
123,72
228,9
27,1
27,7
26,5
26,1
26,7
349,18
349,20
336,6
335,4
382,4
373,4
374,5
180,4
180,5
181,2
182,4
182,6
184,4
184,2
564,7
564,19
194,5
194,19
187,4
49,5
183,4
71,2
384,4
185,4
29,4
55,4
186,4
187,5
194,20
564,18
182,2
182,7
182,5
181,4
377,4
383,4
337,5
336,5
179,4
26,6
27,6
27,5
133,5
143,22
131,17
131,33
131,23
123,144
123,101
123,68
123,70
121,49
121,45
194,23
139,16
118,15
118,13
122,71
123,26
123,28
71,5
131,21
120,24
131,22
131,19
123,92
123,78
123,129
121,87
121,86
121,85
311,4
314,5
143,9
120,8
143,15
122,36
322,7
142,18
419,5
143,31
174,9
564,21
564,16
564,24
120,26
121,33
121,29
120,23
195,12
195,8
151,6
151,10
134,8
322,13
321,4
220,15
120,27
123,142
123,94
123,48
123,9
121,80
121,32
121,9
92,7
566,199
566,197
566,194
566,175
566,172
566,170
566,167
566,164
566,162
566,159
566,156
566,153
566,151
566,148
566,145
566,143
566,140
566,137
566,134
566,132
566,129
566,126
566,124
566,121
566,118
566,116
566,113
566,110
566,107
566,105
566,87
566,77
566,74
566,67
566,58
566,52
566,47
566,43
566,37
566,32
566,26
566,21
566,15
566,10
566,7
566,4
566,2
565,3
564,11
564,3
561,70
561,64
561,59
561,55
561,46
561,40
561,37
561,30
561,25
561,20
561,17
561,12
561,7
561,5
557,10
557,6
557,1
507,0
493,3
492,3
492,0
491,0
490,0
489,0
488,1
487,1
486,1
485,3
484,3
483,3
483,0
482,0
481,0
480,0
479,1
478,1
477,1
476,3
475,3
474,3
473,3
473,0
469,0
467,0
466,1
465,1
462,1
460,1
459,3
457,3
456,3
456,0
455,1
454,3
454,0
452,0
451,0
450,0
449,1
448,1
447,1
446,3
445,3
444,1
443,1
442,3
441,3
440,3
440,0
439,0
438,0
437,0
436,1
435,1
431,1
430,3
429,3
428,3
428,0
427,0
426,0
425,0
424,1
423,1
422,1
421,3
420,3
419,3
418,3
418,0
417,0
416,0
415,3
414,4
414,0
413,0
412,0
411,1
410,3
410,0
409,1
408,4
408,0
407,3
406,4
406,0
405,5
405,0
404,0
403,1
402,1
401,1
400,1
399,8
399,5
399,2
399,0
398,0
397,6
397,3
397,1
396,1
395,3
395,0
394,0
393,0
392,0
391,1
390,1
389,1
388,3
387,3
386,3
386,0
385,0
384,0
382,0
381,1
380,1
379,1
377,3
376,3
375,3
374,3
374,0
373,0
372,0
371,1
370,1
369,1
368,1
367,3
366,3
365,3
365,0
364,0
363,0
362,0
361,1
360,1
359,3
359,0
358,0
357,0
356,1
355,3
354,3
353,3
353,0
352,1
351,4
351,1
350,1
349,6
349,1
348,4
348,0
347,0
346,1
345,1
344,1
343,1
342,3
341,3
340,3
340,0
339,0
338,0
337,1
336,1
335,1
334,1
333,3
332,3
331,3
331,0
330,1
329,1
328,1
327,3
326,3
325,3
325,0
324,1
323,1
322,5
322,1
321,1
320,1
319,4
319,0
318,0
317,0
316,1
315,1
314,1
313,3
312,3
311,3
311,0
310,0
309,0
308,0
307,1
306,1
305,1
304,3
303,3
302,6
302,1
301,3
300,3
299,3
299,0
298,0
297,0
296,0
295,1
294,1
293,1
292,3
291,3
290,3
290,0
289,0
277,17
277,2
276,1
275,1
274,1
262,18
262,15
261,14
261,3
261,1
260,1
259,1
245,3
244,3
243,3
229,21
229,19
229,11
229,8
228,8
228,5
228,0
221,5
220,12
220,7
220,1
214,1
213,1
210,3
210,0
209,0
208,0
207,0
206,1
205,1
203,1
199,3
198,3
197,3
196,3
196,0
195,19
195,15
195,13
195,7
195,4
195,0
194,7
194,1
193,1
192,4
192,0
191,1
190,3
189,5
189,2
187,3
187,0
186,0
185,0
184,1
183,1
182,1
181,1
180,3
179,3
178,3
178,0
174,3
173,3
172,7
172,3
172,0
171,3
171,1
170,1
169,1
168,3
167,3
166,3
165,3
165,0
164,0
163,0
162,1
161,1
160,1
159,1
158,3
157,3
156,3
156,0
154,187
154,184
154,181
154,179
154,176
154,173
154,171
154,168
154,148
154,103
154,101
154,98
154,95
154,93
154,90
154,87
154,85
154,82
154,79
154,76
154,74
154,71
154,68
154,66
154,61
154,55
154,52
154,50
154,41
154,36
154,33
154,29
154,25
154,22
154,19
154,14
154,11
154,9
154,6
154,2
154,0
153,0
152,0
150,4
150,1
149,1
148,1
147,3
146,5
146,0
145,1
144,4
144,0
143,20
143,8
143,3
142,16
142,5
142,3
141,6
140,1
139,18
139,3
138,3
137,4
137,1
136,13
136,4
136,1
135,1
134,3
134,0
133,0
132,0
131,5
131,1
130,6
130,3
130,0
129,5
129,1
128,6
128,4
128,0
127,5
127,3
126,7
126,4
126,0
125,4
125,0
124,0
123,99
123,90
123,87
123,85
123,82
123,77
123,66
123,51
123,45
123,30
123,21
123,18
123,7
123,4
123,1
122,44
122,35
122,8
122,5
122,1
121,76
121,72
121,66
121,62
121,59
121,50
121,39
121,35
121,24
121,17
121,10
121,6
121,3
120,31
120,28
120,18
120,15
120,6
120,4
120,0
119,4
119,1
118,20
118,12
118,8
118,6
118,1
105,5
92,5
90,3
89,5
89,2
89,0
86,5
73,6
73,1
72,1
71,1
70,4
59,0
58,0
57,0
56,1
55,3
54,3
54,0
53,0
52,0
51,0
50,1
49,3
48,71
48,47
48,34
48,21
48,17
48,4
48,0
47,18
47,16
47,13
47,10
47,8
47,5
47,1
46,8
46,4
46,0
45,0
44,1
43,1
42,5
42,1
41,3
40,3
39,3
39,0
38,0
37,0
36,0
35,3
34,3
33,3
33,0
32,1
31,1
30,1
29,3
28,3
27,3
26,3
25,1
24,1
23,7
23,1
22,3
21,3
21,0
20,0
19,0
18,1
17,1
16,1
15,1
4,3
4,0
3,4
3,2
2,131
2,122
2,119
2,117
2,114
2,111
2,109
2,106
2,103
2,101
2,98
2,95
2,92
2,90
2,87
2,84
2,82
2,79
2,76
2,73
2,71
2,68
2,65
2,35
2,31
2,25
2,21
2,19
2,16
2,10
2,8
2,5
2,1
1,5
1,3
1,0
0,558
0,554
0,549
0,535
0,526
0,524
0,523
0,519
0,517
0,507
0,502
0,496
0,492
0,490
0,487
0,484
0,471
0,470
0,467
0,456
0,450
0,447
0,446
0,445
0,444
0,442
0,441
0,439
0,438
0,435
0,433
0,430
0,428
0,426
0,424
0,419
0,418
0,416
0,415
0,413
0,411
0,408
0,407
0,401
0,400
0,399
0,398
0,397
0,395
0,394
0,391
0,386
0,339
0,334
0,332
0,322
0,319
0,318
0,317
0,316
0,315
0,314
0,313
0,312
0,309
0,306
0,301
0,243
713,0
713,1
714,3
714,1
715,3
715,1
716,3
0,310
716,1
716,0
715,0
714,0
713,3
712,3
722,3
721,1
720,1
719,1
718,1
718,0
711,0
717,0
704,3
703,3
702,3
701,3
700,1
710,1
709,1
709,0
708,0
707,0
706,0
699,3
705,3
572,3
571,1
570,1
569,1
569,0
568,0
577,3
576,0
575,0
567,3
573,3
557,3
556,0
562,1
561,3
561,0
282,3
281,3
280,1
279,1
278,1
288,1
288,0
287,0
286,0
285,3
284,3
277,3
283,3
283,0
267,0
266,0
265,3
264,3
263,3
273,1
272,1
271,1
270,1
270,0
269,0
262,0
268,3
258,3
251,3
250,3
249,1
248,1
247,1
247,0
257,0
256,0
255,0
254,3
253,3
246,3
252,1
252,0
242,0
463,3
468,3
468,0
241,0
234,3
233,3
232,3
231,1
230,1
240,1
239,1
0,476
238,3
237,3
236,1
229,1
229,0
235,0
219,3
218,3
217,3
216,1
215,1
227,1
0,273
0,311
0,272
0,367
0,271
0,521
0,270
0,326
0,269
0,331
0,268
0,571
0,267
0,505
0,266
0,344
0,265
0,515
0,264
0,330
0,263
0,356
0,262
0,541
0,261
0,325
0,260
0,355
0,259
0,540
0,258
0,324
0,257
0,343
0,256
0,539
0,255
0,425
0,254
0,350
0,253
0,420
0,252
0,337
0,251
0,538
0,250
0,364
0,249
0,405
0,248
0,561
0,247
0,570
0,246
0,536
0,245
0,340
0,244
0,569
0,242
0,559
0,241
0,499
0,240
0,525
0,239
0,369
0,238
0,423
0,237
0,422
0,236
0,553
0,235
0,516
0,234
0,372
0,233
0,460
0,232
0,448
0,231
0,421
0,230
0,459
0,229
0,357
0,228
0,363
0,227
0,531
0,226
0,333
0,225
0,362
0,224
0,530
0,223
0,338
0,222
0,221
0,453
0,220
0,382
0,219
0,550
0,218
0,529
0,217
0,403
0,216
0,513
0,215
0,353
0,214
0,565
0,213
0,378
0,212
0,368
0,211
0,564
0,210
0,374
0,209
0,329
0,208
0,546
0,207
0,566
0,206
0,352
0,205
0,545
0,204
0,528
0,203
0,384
0,202
0,512
0,201
0,544
0,200
0,527
0,199
0,462
0,198
0,323
0,197
0,455
0,196
0,568
0,195
0,575
0,194
0,351
0,193
0,449
0,192
0,518
0,63
0,396
0,62
0,354
0,61
0,328
0,60
0,349
0,59
0,506
0,58
0,557
0,57
0,348
0,56
0,360
0,55
0,542
0,54
0,440
0,53
0,327
0,52
0,556
0,51
0,537
0,50
0,563
0,49
0,365
0,48
0,347
0,47
0,409
0,46
0,342
0,45
0,359
0,6
0,5
0,1
0,388
0,11
0,4
0,2
0,3
0,7
